3525012001
3525012002
3525012003
3525012004
3525012005
3525012006
3525012007
3525012008
3525012009
3525012010
3525012011
3525012012
3525012013
3525012014
3525012015
3525012016
3525012017
3525012018
3525012019
3525012020
3525012021
3525012022
3525012023
3525012024
3525012025
3525012026
3525022001
3525022002
3525022003
3525022004
3525022005
3525022006
3525022007
3525022008
3525022009
3525022010
3525022011
3525022012
3525022013
3525022014
3525022015
3525022016
3525022017
3525022018
3525022019
3525022020
3525022021
3525022022
3525022023
3525022024
3525022025
3525032001
3525032002
3525032003
3525032004
3525032005
3525032006
3525032007
3525032008
3525032009
3525032010
3525032011
3525032012
3525032013
3525032014
3525042001
3525042002
3525042003
3525042004
3525042005
3525042006
3525042007
3525042008
3525042009
3525042010
3525042011
3525042012
3525042013
3525042014
3525042015
3525042016
3525042017
3525042018
3525042019
3525042020
3525042021
3525042022
3525042023
3525052001
3525052002
3525052003
3525052004
3525052005
3525052006
3525052007
3525052008
3525052009
3525052010
3525052011
3525052012
3525052013
3525052014
3525052015
3525052016
3525052017
3525052018
3525052019
3525052020
3525052021
3525052022
3525052023
3525062001
3525062002
3525062003
3525062004
3525062005
3525062006
3525062007
3525062008
3525062009
3525062010
3525062011
3525062012
3525062013
3525062014
3525062015
3525062016
3525072001
3525072002
3525072003
3525072004
3525072005
3525072006
3525072007
3525072008
3525072009
3525072010
3525072011
3525072012
3525072013
3525082001
3525082002
3525082003
3525082004
3525082005
3525082006
3525082007
3525082008
3525082009
3525082010
3525082011
3525082012
3525082013
3525082014
3525082015
3525092001
3525092002
3525092003
3525092004
3525092005
3525092006
3525092007
3525092008
3525092009
3525092010
3525092011
3525092012
3525092013
3525092014
3525092015
3525092016
3525092017
3525092018
3525092019
3525092020
3525092021
3525102001
3525102002
3525102003
3525102004
3525102005
3525102006
3525102007
3525102008
3525102009
3525102010
3525102011
3525102012
3525102013
3525102014
3525102015
3525102016
3525102017
3525102018
3525102019
3525102020
3525102021
3525102022
3525102023
3525112001
3525112002
3525112003
3525112004
3525112005
3525112006
3525112007
3525112008
3525112009
3525112010
3525112011
3525112012
3525112013
3525112014
3525112015
3525112016
3525112017
3525112018
3525112019
3525112020
3525112021
3525112022
3525112023
3525112024
3525112025
3525122001
3525122002
3525122003
3525122004
3525122005
3525122006
3525122007
3525122008
3525122009
3525122010
3525122011
3525122012
3525122013
3525122014
3525122015
3525122016
3525122017
3525122018
3525122019
3525122020
3525122021
3525122022
3525132001
3525132002
3525132003
3525132004
3525132005
3525132006
3525132007
3525132008
3525132009
3525132010
3525132011
3525132012
3525132013
3525132014
3525132015
3525132016
3525132017
3525132018
3525132019
3525132020
3525132021
3525132022
3525141006
3525141008
3525141010
3525141011
3525141012
3525141014
3525141015
3525141016
3525141017
3525141019
3525142001
3525142002
3525142003
3525142004
3525142005
3525142007
3525142009
3525142013
3525142018
3525142020
3525142021
3525152001
3525152002
3525152003
3525152004
3525152005
3525152006
3525152007
3525152008
3525152009
3525152010
3525152011
3525152012
3525152013
3525152014
3525152015
3525152016
3525161001
3525161002
3525161003
3525161004
3525161005
3525161006
3525161007
3525161008
3525161010
3525161011
3525161012
3525161013
3525161014
3525161015
3525161016
3525161017
3525162009
3525162018
3525162019
3525162020
3525162021
3525172001
3525172002
3525172003
3525172004
3525172005
3525172006
3525172007
3525172008
3525172009
3525172010
3525172011
3525172012
3525172013
3525172014
3525172015
3525172016
3525172017
3525182001
3525182002
3525182003
3525182004
3525182005
3525182006
3525182007
3525182008
3525182009
3525182010
3525182011
3525182012
3525182013
